15 29 1674
00000000000000
00000000000000
00000000000000
00000000000000
00000000000000
00000000000000
00000000000000
00000000000000
00000000000000
00000000000000
00000000000000
00000000000000
00000000000000
00000000000000
00000000000000
000000000000000
000000000000000
000000000000000
000000000000000
000000000000000
000000000000000
000000000000000
000000000000000
000000000000000
000000000000000
000000000000000
000000000000000
000000000000000
000000000000000
12 10 4 13
14 12 4 0
1 5 11 5
8 12 9 0
4 2 13 11
6 14 12 13
7 11 3 13
8 13 10 10
2 7 7 4
2 12 2 14
1 14 7 14
5 3 6 12
0 10 4 12
4 10 0 4
0 5 13 13
3 3 0 3
14 2 3 14
10 14 6 3
9 12 13 3
6 9 12 14
13 14 3 5
4 8 12 0
11 2 14 4
6 2 13 4
13 1 14 14
13 10 1 12
10 8 2 8
12 6 2 3
5 6 0 14
