16 16 1487
000101000010000
000101100010000
000101100010000
000101110010000
000101110000000
000101110000000
000101110000000
000101110000000
000101110000000
000100110000000
000100110000000
000100100000000
000000100000000
000000000000000
000000000000000
000000000000000
0000000000000000
0000000000000000
0000001111000000
0000000000000000
0000000000000000
0000000000000000
0000000000000000
0000000000000000
0011000000000000
0000000000000000
0000000000000000
0000000000000000
0000000000000000
0000000000000000
0000000000000000
13 5 6 5
13 6 4 11
2 14 5 8
5 6 10 14
5 4 9 7
15 1 3 11
0 7 1 6
15 10 9 1
7 10 5 9
2 2 4 6
13 15 14 10
6 10 13 0
3 14 4 10
7 4 4 2
3 0 6 4
14 4 3 1
