15 15 3036
00000000000000
00000000000000
00000000000000
00000000000000
00000000000000
00000000000000
00000000000000
00000000000010
00000000000010
00000000000010
00000000000010
00000000000010
00000000000010
00000000000010
00000000000010
000000000000000
000000000000000
000000000000000
000000000000000
000000000000000
000000000000000
000000000000000
000000000000000
000011111111100
000000000000000
000000000000000
111111000000000
000000000000000
100000000000000
13 6 14 14
11 7 7 11
8 3 8 7
2 1 5 10
9 11 4 11
13 0 7 10
12 11 2 4
14 1 11 14
7 12 7 1
2 2 6 9
3 0 0 0
14 10 13 12
6 13 9 9
1 10 3 14
5 0 7 9
