15 20 3641
00101000000000
00101000000000
01101000000000
01101000000000
01101000000000
01101000000000
01100000000000
01100000000000
01100000000000
01000000000000
01000000000000
01000000000000
01000000000000
01000000000000
01000000000000
000000000000000
000000000000000
000000000000000
000000000000000
000000000000000
000000000000000
000000000000000
000000000000000
000000000000000
000000000000000
000000000000000
000000000000000
000000000000000
000000000000000
9 10 4 0
1 12 4 5
14 3 12 13
2 9 13 3
4 14 11 1
2 11 0 2
14 12 9 2
14 5 2 8
8 14 1 14
12 6 12 10
3 2 9 0
12 7 5 11
1 3 3 6
5 5 14 13
10 9 8 1
11 7 1 6
1 2 14 9
7 12 1 7
10 5 9 14
6 11 9 8
