16 11 2507
000000000000000
000000000000000
000000000000000
000000000000000
000000000000000
000000000000000
000000000000000
000000000000000
000000000010000
000000000010000
000000000010000
000000000010000
000000000010000
001000000010000
001000000010000
001000000010000
0000000000000000
0000000000001111
0000000000000000
0000000000000000
0000000000000000
0000000000000000
0000000000000000
0000000000000000
0000000000000000
0000000000000000
0000000000000000
0000000000000000
0000000000000000
0000000000000000
0000000000000000
9 8 8 0
3 14 12 0
8 12 12 1
13 10 4 15
14 10 9 12
11 4 12 14
12 10 2 2
4 8 3 7
5 15 15 5
15 2 0 5
11 8 2 5
