17 25 4223
0000000000000000
0000000000001000
0000000100000000
0000000100000000
0000000000000000
0000000000000000
0000001000000000
0000000000000000
0000000000000000
0000100000000000
0000000000000000
0000000000000001
0000000000000000
0000000000000000
0000000000001000
0000000000000000
0000000000000000
00000011111111111
00000000000000000
00000000000000000
11111111111111110
00000000000011111
00000000000000000
11111111111111000
00000000000011111
11111111100000000
00000000000000000
00000000000000000
00011111111111111
00000000000000000
00000000000000000
00000001111111111
11111111111111000
9 11 0 5
1 0 10 16
15 4 1 3
11 3 6 5
15 3 14 3
6 15 2 11
14 2 5 9
12 6 1 9
9 10 16 9
2 5 10 7
6 8 16 11
6 0 12 10
6 9 15 14
4 6 5 10
9 16 11 4
0 1 1 5
3 12 4 15
13 6 14 6
7 4 2 0
8 2 11 13
13 8 16 6
16 2 11 9
3 0 4 16
10 11 1 8
1 1 12 7
