16 25 1947
000000000000000
000000000000000
000100000000000
000100000000000
000100000000000
000000000000000
000001000000000
000001000000000
000001000001000
000001000001000
000001000000000
000001000000000
000001000000000
000001000000000
000000000000000
000000000000000
0111111111111111
0000000000000000
0000000000000000
0000000000000000
0011111111111111
0000000000000000
0000000000000000
0000000000000000
0000000000000000
0000000001111111
0000000000000000
0000000000000000
0000000000000000
1111111000000000
1111111100000001
0 4 15 10
14 7 0 1
2 8 3 11
11 2 14 8
5 0 3 9
13 9 8 11
11 5 7 4
1 13 15 7
11 8 8 2
1 5 7 8
15 15 14 9
13 5 3 15
13 1 15 11
9 11 0 6
14 6 9 8
5 7 6 8
3 8 2 10
9 0 2 2
2 5 5 8
12 5 15 4
9 3 3 0
8 5 1 12
2 9 10 3
12 15 5 14
0 10 9 7
