16 26 3679
000000000000000
000000000000000
000000000000000
000000000000000
000000000000000
000000000000000
000000000000000
000000000000000
000000000000000
000000000000000
000000000000000
000000000000000
000001000000000
000001000000000
000001000000000
000001000000000
0111111111111111
0000000000000000
0000000000000000
0000000000000000
0000000000000000
0000000000000000
0000000000111111
0000000000000000
0000000000000000
0000000000000000
0000000000000000
0000000000000000
0000000000000000
0000000000000000
0000000000000000
12 0 3 12
5 2 6 12
5 14 15 1
2 8 12 14
0 8 8 7
13 10 5 0
12 10 4 3
5 5 12 1
8 3 2 6
7 8 3 2
11 1 13 6
11 14 14 12
6 0 5 9
4 2 7 14
1 1 13 13
12 8 10 14
12 7 0 3
3 10 5 10
0 6 14 8
6 11 5 4
2 10 15 7
4 8 7 11
6 7 9 10
12 3 15 0
7 9 13 5
9 12 3 4
