20 19 11822
0000100101000100000
0000100101000100000
0000100101000100000
0000100101000100000
0000100101000100000
0000100100000100000
0000100100000100000
0000100100000100000
1000100100000100000
1000100100000100000
1000000100000100001
1000000100000100001
1000000100000100001
1000010100000100001
1000010100000100001
1000010100000100001
1000010100000100001
1000010100000000001
1000010000000000001
1000010000000000001
00000000000000000011
00000000000000000001
00000000000000001111
00000000000000111000
00000000000000000000
00000000000000000000
00000000000000000000
00000000000000000111
00000000000000001111
00000000000000100000
00000000000000000000
00000000000000110000
00000000000000000000
00000000000000000000
00000000000000110000
00000000000000000000
00000000000000011110
00000000000000000000
00000000000000000000
5 18 8 18
16 18 16 3
6 3 4 13
4 19 17 14
5 9 9 5
2 2 18 13
17 16 14 14
8 16 16 8
9 18 10 18
17 6 4 9
7 0 8 15
6 4 7 17
10 4 16 11
2 0 11 17
14 13 19 9
5 19 15 6
18 5 11 2
9 11 18 19
3 7 11 8
