14 22 3370
0000000000000
0000000000000
0000000000000
0000000000000
0000000000000
0000000000000
0000000000000
0000000000000
0000000000000
0000000000000
0000000000000
0000000001000
0000000000000
0000000000000
00000000000000
00000000000000
00000000000000
00000000000000
00000000000000
00000000000000
00000000000000
00000000000000
00000000000000
00000000000000
00000000000000
00000000001111
00000000011111
1 8 9 0
9 1 8 1
13 5 3 2
2 0 11 7
11 2 3 3
1 1 11 10
1 12 5 10
12 7 3 6
5 5 5 6
9 7 6 9
5 0 10 3
0 7 13 8
7 10 3 8
12 5 1 4
0 2 12 6
12 9 8 4
13 13 8 13
10 5 6 8
10 4 1 6
0 5 0 13
4 3 11 11
0 10 2 8
