17 22 3108
0000000000000000
0000000000000000
0000000000000000
0000000000000000
0000000000000000
0000000000000000
0000000000000000
0000000000000000
0000000000000000
0000000000000000
0000000000000000
0000000000000000
0000000000000000
0000000000000000
0000000000000000
0010000000000000
0010000000000000
00000000000000000
00000000000000000
00000000000000000
00000000000000000
00000000000000000
00000000000000000
00000000000000000
00000000000000000
00000000000000000
00000000000000000
00000000000000000
00000000000000000
00000000000000000
00000000000000000
00000000000000000
00000000000000000
10 5 10 4
6 9 2 2
6 5 3 6
12 15 6 1
11 0 2 14
10 2 14 5
16 4 0 4
1 10 16 9
5 2 6 8
3 13 11 2
5 5 15 0
2 9 11 3
3 0 7 2
8 7 8 15
11 5 6 2
1 6 0 3
5 6 1 4
6 12 16 10
8 8 5 9
12 10 8 16
2 0 6 6
0 2 13 6
