14 24 7701
0000000000000
0000000000000
0000000000000
0000000000000
0000000000000
0000000000000
0010000000000
0010000000000
0010000000000
0010000000000
0010000000000
0010000000000
0010000000000
0010000000000
00000000000000
00000000000000
00000000000000
00000000000000
00000000000000
00000000000000
00000000000000
00000000111111
00000000000000
00000000000000
00000000000000
00000000000000
00000000000000
0 9 1 13
0 7 13 6
9 4 0 12
11 12 1 12
1 6 0 1
9 9 0 4
6 10 3 2
2 0 3 9
5 8 9 0
10 9 1 3
13 2 7 2
8 8 10 6
1 5 4 12
7 13 11 11
13 9 2 5
4 9 7 6
3 11 9 2
4 11 3 6
9 8 13 5
3 7 12 10
2 13 13 10
2 11 5 11
9 3 8 6
2 12 11 8
