16 20 2172
000000000000000
001000000000000
000000000000000
000000000000000
000000000000000
000000000000000
000000000000000
000000000000000
000000000001000
000000000001000
001000000001000
001000000101000
001000000100000
001000000100000
001000000100000
000000000100000
1111111111110000
0000000000000000
0000000000000000
0000000000001111
0000000000000000
1111100000000000
0000000000000000
0011111111111111
0000000000000000
1111111100000000
0000000000000000
0000000000000000
0000000000000000
0000000000000000
0000000000000000
15 14 6 5
10 0 3 11
8 4 10 15
15 11 13 5
4 13 11 4
5 3 8 15
1 10 4 10
11 12 7 2
12 12 13 0
13 9 15 13
3 7 8 14
10 8 2 7
5 8 0 6
10 14 14 7
8 3 15 9
12 0 0 15
3 3 7 10
8 2 0 8
12 8 4 5
5 5 11 11
