15 9 1909
00000010000100
00000010000100
00000010000100
00000010000000
00000010000000
00000010000000
00000010000000
00000010000000
01000010000000
01000010000000
01000010000000
01000011000000
00000010000000
00000000000000
00000000000000
000000000000000
000000000000000
000000000000000
011111100000000
000000000000000
000000000000001
000000000000000
000000000000000
000000010000000
000000000000000
000000011100000
011111100000000
000111100000000
111111000000000
11 3 13 4
14 8 13 13
5 9 11 0
7 11 1 3
0 0 0 7
1 11 9 14
7 0 11 1
9 13 8 7
11 11 2 10
