16 31 5271
000000000000000
000100000000000
000100000000000
000100000000000
000000000000000
000000000000000
000000000000000
000000000000000
000000010000100
000000010000100
000000010000100
000000010000000
000000000000000
000000000000000
000000000000000
000000000000000
0000000000000000
0000000000000000
0000000000000000
1111111111111110
0000001111111111
0111111111111111
0000000000000000
1111111111111000
0000000000000000
0000000001111000
0000000000000000
0000000000001111
0000000000000000
0000000000000000
0000000000000000
9 15 3 7
4 2 10 13
6 6 11 5
1 8 10 0
6 13 11 4
14 4 14 6
0 5 5 12
2 6 5 10
7 5 8 7
0 13 15 3
4 11 8 3
14 0 11 6
1 13 2 7
4 12 7 6
11 8 7 9
13 1 9 2
14 14 5 5
9 3 13 2
15 1 10 9
7 8 13 5
1 12 5 11
10 2 9 12
1 0 5 7
3 4 7 14
1 9 10 1
2 8 15 12
3 0 11 3
13 13 7 2
9 9 9 6
9 11 0 12
3 1 2 5
