16 28 6537
010000000001000
010000000001000
010000000001000
010000000011000
000000000011000
000000000011000
000000000011000
000000000011000
000000000001000
000000000001000
000000000000000
000000000000000
000000000000000
000000000000010
000000000000010
000000000000010
0000111111110000
0000000000000000
0000000000000000
0000000000000000
0000000000000000
1111111111000000
0000000000000000
0000000001110000
0000000000000000
0000000000000000
0000001111111111
0000000000000000
0000000001111100
1111111110000000
0000000000000000
9 13 9 15
3 2 10 12
15 0 12 12
7 10 15 6
0 0 9 14
12 7 11 14
11 5 4 3
9 12 6 0
4 15 3 8
4 7 11 6
2 12 9 11
14 7 8 3
2 9 8 6
3 10 2 0
12 10 0 5
14 9 3 11
5 8 11 13
11 12 14 2
7 3 2 6
10 2 9 2
1 1 7 6
4 14 0 13
6 5 4 4
15 12 8 7
9 5 12 13
8 15 3 7
14 6 0 4
2 7 4 6
