13 18 1533
000110010000
000110010000
000110010000
000010000000
000010000000
000010000000
000010000000
000010000000
000010000000
000010000100
000010000000
000000000000
000000000000
0000000000001
1000000000000
0000000000000
0000000000000
0000000000000
0000001111111
0000011110000
0000011110000
0000000000001
0000000001111
0000000000000
0000000000001
10 5 9 4
8 0 12 4
6 8 7 4
0 6 3 7
8 12 10 1
10 2 2 8
4 11 8 6
11 4 6 10
11 10 11 11
3 5 0 11
6 1 6 7
1 10 4 1
12 10 3 6
10 11 11 12
10 9 3 8
1 6 9 11
5 5 9 1
3 0 8 8
