16 12 2653
000100000000000
000100000010000
000100000010000
000100000010000
000100000010000
000000000010000
000000000010000
000000000010000
000000000010000
010000000000000
010000000000000
000000000000000
000000000001000
000000000001000
000000000001000
000000000001000
0000000000000000
0000000000100000
0000000000000000
0000000000000000
0001111000000000
1111111000000000
0000000000000000
1111111111001111
0001111111111111
0000000000000000
1111000011111111
0000000000000000
0000000000000000
1000000000000000
0000000000000000
15 6 12 9
8 12 0 6
1 8 7 10
12 15 12 2
12 7 10 4
14 2 11 9
15 10 6 1
9 0 8 3
7 15 10 7
13 7 8 4
7 8 3 15
1 5 0 1
