19 13 1186
000000000000000000
000000000000000000
000000000000001000
000000000000001000
010000000000000000
010000000000000000
010000000000000000
010000000000000000
010000000000000000
010000000000000000
010000000000000000
010000000000000000
010100000000000000
010101000000000000
010101100000000000
010000000000000100
000000000001000000
000000000001000000
000000000001000000
1000000000000000000
0000111111111110000
0000000000000000000
0011111111111111111
0000000000000000000
0000000000000000000
0000000000000000000
0001111111111111111
0000000000000000000
0000000000000000000
0000000000000000000
0000000000000000000
0000000000000000000
0000000000000000000
0000111111111111111
0000000000000000000
0000000000000000000
0000000000000000000
18 17 16 9
10 12 15 10
4 15 3 10
14 14 14 3
1 3 8 11
11 5 4 18
10 6 13 4
3 0 14 0
13 2 8 10
12 2 15 7
15 1 17 12
3 1 9 15
14 1 6 0
