16 18 3234
000000000000010
000000000000010
000000000000010
000000010000010
000000010000010
101000010000010
001000010000010
000000010000010
000000010000000
000000000000010
000000000000010
000000000000010
000000000000010
000000000000010
000000000100010
000000000100010
0000000000000000
0000000000000000
0000000011111100
0000000000000000
1111100000000000
0000000000000000
0000000000000000
0000000000000000
0000000000111100
0000000000000000
1111111100000000
1111111111100000
0000000000000000
0000000000000000
0000000000000000
14 14 13 2
9 4 13 7
12 7 6 5
15 1 9 14
11 0 4 0
14 2 4 3
0 11 8 5
12 0 10 10
13 13 0 9
15 0 8 1
14 3 11 11
10 12 10 1
11 1 0 2
6 12 3 2
13 5 15 8
3 6 1 14
15 14 9 3
11 15 10 4
