16 17 3025
000010000000001
000010000001001
000010000001001
000010000000001
000010000000001
000010000000001
000010000000001
000010000000000
000010000000000
000000000000000
000000000000000
000000000000000
000000000000000
000000000000000
000000000000000
000000000000000
0000000000000000
0000000000000000
0000000011111110
0000000000000000
0000000000000000
0000000000000000
0000000000000000
0000000000000000
0000000000000000
0000000000000000
0000000000000000
0000000000000000
0000000000000000
0000000000000000
0000000000000000
10 4 11 12
6 9 11 7
4 6 13 11
7 14 14 15
6 1 3 9
12 8 1 11
7 15 0 4
12 6 3 5
5 2 10 6
10 5 8 3
3 13 13 13
6 14 0 1
5 10 7 9
10 14 0 9
15 8 2 0
14 3 0 12
2 7 3 12
