13 17 1210
000000100000
000000100000
000000100000
000000100000
001000100000
001000100100
001000000100
001000000100
001000000100
001000000100
001000000100
001000000100
001000000100
0000000000000
0000000000000
0000000000000
0000000000000
0000000000000
0000000000000
0000000000000
0000000000000
0000000000110
0000000000000
0000000000000
0000000000000
2 5 10 4
11 4 7 5
9 4 5 0
6 11 3 4
9 2 1 9
1 2 0 7
3 10 6 10
12 2 6 5
10 2 8 11
1 6 0 2
5 3 10 8
0 8 4 12
2 8 9 5
0 9 7 3
12 11 10 7
11 12 12 6
6 2 0 3
