16 28 5042
000000000000010
000000000000010
000000000000010
000000000000010
000000000000010
010000000000010
010000000000010
010000000000010
010000000000010
010000000000000
010000000000000
010000000000000
000000000000000
000000000000000
000000000001000
000000000000000
0000000000000000
0001111111111100
0000000111111100
0000000000000000
1111111110000000
0000000000000000
0000000000000100
0000000000000000
0000000000000000
0000000000011111
0000000111111111
0000000000000000
1111111111110000
0000011111111111
1111111000000000
3 9 6 13
10 8 14 5
10 9 12 15
14 13 2 1
3 5 9 1
1 1 13 3
11 15 6 5
0 8 1 3
10 4 9 8
14 15 13 10
15 15 13 5
4 15 7 0
10 11 1 0
12 0 14 11
2 13 11 0
12 9 0 3
10 14 12 8
8 0 11 10
5 5 9 7
9 15 5 11
15 2 10 10
13 12 0 4
2 7 15 4
9 3 6 15
15 5 10 13
8 13 6 9
3 8 1 7
8 5 10 12
