15 19 1921
00000000000000
00000000000000
00000000000000
00000000000000
00000000000000
00000000000000
00000000000000
00000000000000
00000000000000
00000000000000
00000000000000
00000000000000
00000000000000
00000000000000
00000000000000
000000000000000
000000000000000
000000000000000
000000000000000
000000000000000
000000000000000
000000000000000
111111111100000
000000000000000
000000000000000
000000000000000
000000000000000
000000000000000
000000000000000
0 0 3 9
7 0 12 10
13 11 13 9
7 10 5 14
6 0 0 13
3 11 11 9
5 2 3 14
4 12 9 7
3 8 13 12
6 4 9 12
4 11 10 2
1 10 0 14
0 9 14 8
14 4 1 1
7 14 12 11
11 2 1 8
14 7 11 12
6 1 5 3
6 11 1 0
