17 22 3180
0000000000000000
0000000000000000
0000000000000000
0000000000000000
0000000000000000
0000000000000000
0000000000000000
0000000000000000
0000000000000000
0000000000000000
0000000000000000
0000000000000000
0000000000000000
0000000000000000
0000000000000000
0000000000000000
0000000000000000
00000000000000000
00000000000000000
00000000000000000
00000000000000000
00000000000000000
00000000000000000
00000000000000000
00000000000000000
00000000000000000
00000001111111111
00000000000000000
00000000000000000
00000000000000000
00000000000000000
00000000000000000
00000000000000000
6 8 0 8
2 8 4 8
12 10 7 12
10 1 12 14
4 9 0 15
2 6 3 12
7 11 14 8
16 12 8 6
3 9 15 13
9 1 11 10
9 14 11 5
13 16 12 4
13 6 0 9
1 1 11 16
16 0 6 13
1 15 8 10
6 11 13 9
6 15 10 15
16 6 14 11
5 11 5 1
3 1 1 16
5 7 7 13
