17 11 5425
0000000000000000
0000000000000000
1000000000000000
1000000000010000
1000000000010000
0000000000010000
0000000000010000
0000000000000000
0000000000000000
0000000000000000
0000000000000000
0000000000000000
0000000000000000
0000000000000001
0000000000000001
0000000000000000
0000000000000000
11111111110000000
11111111111111100
00000001111111111
00011111111100000
00000000000000000
00000000000000000
00000000000000000
00000000011111111
00000000000000000
00000000000001111
00111111111111111
10000000000000000
00001111111111111
00001111111111110
00000000011111110
00000000011111111
3 10 2 1
9 1 9 7
0 13 2 11
7 16 2 12
3 16 4 11
0 14 8 2
0 3 16 14
7 1 13 6
2 13 7 11
1 2 15 16
4 8 5 15
