13 23 6767
000100000000
000100000000
000100000000
000100010000
000100010000
000100010000
000100010000
000100010000
000000010000
000000010000
000000010000
000000010000
000000010000
0000000000000
0000000000000
0000000000000
0000000000000
0000000000000
0000000000000
0000000000000
0000000000000
0000000000000
0000000000000
0000000000000
0000000000000
12 3 6 4
6 12 6 3
12 4 0 1
8 7 4 12
0 12 5 5
2 4 8 6
7 0 1 4
9 7 7 7
9 10 7 4
9 11 0 5
3 11 8 9
10 6 8 3
9 5 7 8
8 5 6 9
10 0 6 2
1 9 11 9
11 11 2 7
0 3 5 6
2 5 5 10
11 10 12 12
0 8 12 11
11 1 10 5
1 2 7 5
