19 32 10144
000000000000000000
000000000000000000
000000000000000000
000000000000000000
000000000000000000
000000000000000000
000000000000000000
000000000000000000
000000000000000000
000000000000000000
000000000000000000
000000000000000000
000000000000000000
000000000000000000
000000000000000000
000000000000000000
000000000000000000
000000000000000000
000000000000000000
0000000000000000000
0000000000000000000
0000000000000000000
0000000000000000000
0000000000000000000
0000000000000000000
0000000000000000000
0000000000000000000
0111111111111111111
0000000000000000000
0000000000000000000
0000000000000000000
0000000000000000000
0000000000000000000
0000000000000000000
1111111111111111100
0000000000000000000
0000000000000000000
0 14 18 3
10 4 5 8
5 10 14 17
1 4 7 4
15 14 17 1
0 15 5 16
12 13 17 10
14 0 4 15
13 18 6 11
13 0 0 4
13 6 4 12
6 8 5 14
12 5 9 6
2 16 18 9
0 5 4 4
2 4 9 5
15 9 6 1
7 18 8 18
11 17 16 6
5 15 9 1
13 12 2 2
8 16 14 8
4 16 18 18
2 7 18 17
8 3 6 16
17 17 1 0
8 5 2 18
18 8 7 15
8 13 18 1
5 3 9 15
18 15 7 7
13 13 16 15
