15 21 2720
00000000000000
00000000000000
00000000000000
00000000000000
00000000000000
00000000000000
00000000000000
00000000000000
00000000000000
00000000000000
00000000000000
00000000000000
00000000000000
00000000000000
00000000000000
000000000000000
000000000000000
000000000000000
000000000000000
000000000000000
000000000000000
000000000000000
000000000000000
000000000000000
000000000000000
000000000000000
000000000000000
000000000000000
000000000000000
11 7 10 2
12 5 0 5
8 7 10 0
9 1 2 5
0 13 3 8
12 13 3 0
6 11 10 5
7 8 14 7
8 8 2 11
7 2 12 0
11 2 7 10
5 8 2 0
11 1 10 12
12 3 7 1
6 2 6 3
1 7 0 7
0 14 8 11
1 3 1 1
7 4 2 10
0 0 3 6
11 3 2 4
