14 23 2511
0000000000000
0000000000000
0000000000000
0000000000000
0000000000001
0000000000001
0000000000001
0000000000010
0000000000010
0010000000010
0010000000000
0010000000000
0000010000000
0010000000000
11111100000000
00000000000000
00000000000000
00000000000000
00000000000110
00000000000000
00001111111111
00000000000000
00000000000000
00000000000000
00000000000000
11111011111111
00000000111111
2 6 2 4
10 12 13 3
2 9 0 13
8 3 7 12
5 11 11 2
3 2 13 11
7 0 4 1
12 12 4 8
0 3 6 4
13 12 10 10
9 8 9 4
12 7 0 10
7 5 6 8
13 0 6 11
7 9 7 8
6 1 0 11
2 3 4 0
6 6 1 1
2 12 12 6
10 13 7 7
5 6 7 2
12 4 11 9
9 10 1 10
