18 33 7201
01000000001000000
01010000001000000
01010000001000000
00010000001000000
00010000001000000
01010000001000000
01010000001001000
00000000001101000
00000000001101000
00000000001101000
00000000001000000
00000010001000000
00000010001000000
00000010001000000
00000010001000000
00000010000000000
00000010000000000
00000010000000000
000000000000000000
000000000000001111
000000000000000000
000000000000000000
000000000000000000
000000000000000000
111100000000000000
111000000000000000
000111111110000001
111000000000111111
000000000000000000
111111000000000000
000000000000000000
000000000000000000
000000001110001111
000000000000000000
000000000000000000
3 12 5 8
16 17 13 7
5 11 3 8
14 1 13 14
0 4 1 15
0 6 8 9
7 2 11 16
12 16 4 1
5 17 4 7
17 7 0 2
11 2 0 15
16 14 6 8
17 4 4 12
15 8 15 2
12 14 6 13
10 17 1 5
15 1 1 7
12 12 1 2
2 6 16 2
14 16 14 7
14 12 12 3
0 7 3 13
7 17 1 4
5 6 9 9
3 16 17 3
10 1 3 6
6 5 8 2
9 3 9 5
12 5 17 14
5 4 15 6
11 9 12 9
8 7 2 13
1 1 8 15
