13 23 2017
000000000000
000000000000
000000000000
000000000000
000000000000
000000000000
000000000000
000000000000
000000000010
000000000010
000000000010
000000000010
000000000010
1111111100000
0000000000000
0000000000000
0000000000111
0000000000000
0000000000000
0000000000000
0000000000000
0000000000000
0000000000000
0000000000000
0000000000000
9 0 6 3
6 8 7 1
7 12 8 12
8 5 5 9
1 2 11 4
10 5 3 1
3 10 9 8
5 11 2 10
0 1 6 11
10 7 5 5
12 0 3 3
6 6 2 11
8 4 12 6
4 7 11 3
11 0 1 9
3 11 2 0
9 12 4 10
6 10 12 4
8 2 6 1
0 4 6 5
12 5 2 7
10 11 10 3
3 2 11 12
