15 14 5088
01000000000000
01000000000000
01000000000000
01000000000000
01000000000000
01010000011000
00010100011000
00010100011000
00010100000000
00010101000000
00010101000000
00010100000000
00010100000000
00010100000000
00010100000000
001000000111111
000000000000000
000000000000000
000000000000000
001000000111111
000000000000000
000000000000000
000100000000000
110000011111111
000000000000000
000000000000000
000000111111000
000000000000000
000000000000000
1 11 12 2
2 14 1 9
9 5 1 5
8 0 9 9
12 9 6 13
11 0 12 8
13 1 12 13
7 11 5 0
0 9 4 8
0 8 7 13
6 3 4 4
12 4 4 0
5 4 3 4
0 12 4 13
