19 16 2402
000000000010010000
000000000010110000
000000000010110000
000000000010110000
000000000010100000
000000000010100000
000000000010100000
000000100010100000
000000100010100000
000000100011100000
000000100011100001
000000100011100001
000000100001100001
000000100001101001
000000100001101001
000000100001101001
000000100001101001
000000100001101001
000000100001101001
0000000000000010000
1111111100000000000
0000000000000000000
0000000000000000000
0000000000000000000
0000000000000000000
1100000000000000000
0000000000000000000
1111000000000000000
0000000100000000000
0000000000000000000
0000000000000000000
0000000000000000000
0000000000000000000
0000000000000000000
0000000000000000000
0000000000000000000
0000000000000000000
6 0 6 17
0 15 9 11
1 11 6 14
12 9 16 13
10 9 15 15
2 15 2 13
13 18 18 17
11 3 10 4
2 16 17 12
18 0 4 14
5 8 2 14
2 5 4 15
6 6 7 6
18 12 15 17
2 11 16 12
9 14 14 14
