20 29 15404
0000000010000000000
0000000000000000000
0000000000000000000
0000000000000000000
0000000000000000000
0000000000000000000
0000000000000010000
0000000000000010000
0000000000000100000
0000000000000100000
0000000000000100010
0000000000000100010
0001000000000100010
0001000000000100010
0001000000000000010
0001000000000000000
0000000000000000000
0000000000000000000
0000000000000000000
0000000000000000000
00000000011111111110
11111111111100000000
00000000000000000000
00000000000000000000
00000000000000000000
00000000000000000000
00000000000000000000
11111111111111111110
00000000000000000000
00000000000000000000
00000000000000000000
00000000000000000000
00000000000000000000
00000000000000000000
00000000011111111111
11111110000000000001
00000000000000000000
00000000000000000000
00000000000000000000
5 14 9 3
2 18 15 17
11 13 4 12
10 7 6 17
1 0 9 19
13 2 7 1
13 11 5 11
15 1 19 12
12 7 8 14
6 1 11 15
4 18 0 9
16 9 15 19
12 16 13 3
13 0 0 13
0 15 7 0
1 13 3 18
16 7 19 9
17 0 13 5
10 9 9 0
12 4 14 16
18 19 14 19
19 13 3 7
8 9 1 12
13 6 16 18
3 12 19 5
0 10 19 6
11 9 8 5
6 6 6 10
9 17 1 16
