14 22 3052
0000000000000
0000000100000
0000000100000
0000000100000
0000000100000
0000000100000
0000000100000
0000000100000
0000000100000
0000000100000
0000000100000
0000000100000
0000000100000
0000000100000
00000000000000
00000000000000
00000000000000
00000000000000
00000000000000
00000000000000
00000000000000
00000000000000
00000000000000
00000000000000
11110000000000
00000000000000
00000000000000
13 6 13 3
5 12 1 0
2 13 8 11
12 3 7 0
9 4 5 13
4 3 9 9
7 2 12 9
11 2 1 6
5 9 4 1
13 10 0 7
0 5 9 3
5 1 5 5
13 5 0 11
4 7 11 10
3 9 3 2
10 1 7 10
5 4 7 13
6 0 11 3
11 13 9 5
3 6 7 7
3 11 2 2
12 8 0 3
