14 19 7268
0000000000000
0000000000000
0000000000000
0000000000000
0000000000000
0000000000000
0000000000000
0000000100000
0000000100000
0000100100000
0000100100000
0000100000000
0000000100000
0000000100000
00000000000000
00000000000000
00000000000000
00111111111111
11111100000000
00000000000000
00000011111111
00000000000000
00000000000000
00000000000000
00000000000000
00111111000000
00000000000000
11 4 2 0
1 3 11 3
3 6 12 2
7 8 4 1
1 8 12 11
7 2 0 5
11 1 3 11
6 6 4 7
1 12 2 7
11 9 2 1
7 0 8 5
11 8 1 7
1 5 10 0
6 1 2 11
3 13 8 12
7 3 12 8
4 0 0 11
9 2 1 13
2 13 4 2
