19 37 17710
100000000000000000
100000000000000000
100000000000000000
100000000000000000
100000000000000000
100000001000000000
100000001000000000
100000001000000000
100000001000000000
100000001000000001
100000001000000001
100000001000000001
000000001000000001
000000001000000001
000000001000000001
010000000000000001
010000000000000001
010000000000000001
010000000000000001
0011111111111111111
0000000000000000000
0000000000000000000
0000000000000000000
0000000000000000000
0000000000000000000
0000000000000000000
0000000000000000000
0000000000000000000
0000000000000000000
0000000000000000000
0000000000000000000
0000000000000000000
0000000000000000000
0000011111111111110
0000000000000000000
0000000000000000000
0000000000000000000
1 16 4 6
11 1 12 0
6 7 17 16
8 0 17 11
3 16 5 14
15 11 14 13
8 4 13 5
17 14 8 18
10 13 0 12
4 5 2 1
1 12 9 8
17 13 8 6
8 8 17 1
3 12 1 17
5 2 1 9
13 8 16 8
11 17 12 18
14 14 2 5
5 18 2 7
5 17 17 12
4 16 16 5
4 7 5 13
12 13 2 18
18 2 18 13
7 12 17 2
17 5 9 11
0 7 12 1
1 6 3 9
4 18 0 9
14 9 9 18
6 4 4 9
8 17 6 12
9 17 17 15
16 7 9 0
18 10 4 12
14 0 6 9
6 15 14 8
