16 13 5265
000000000000000
000000000000000
000000000000000
000000000000000
000000000000000
000000000000000
000000000000000
000000000000000
000000000000000
000000000000000
000000000001000
000000000001000
000000000001000
000000000001000
000000000001000
000000000001000
0000000000000000
0000000000000000
0000000000000000
0000000000000011
0000000000000000
0000000000000000
0000000000000000
0000000001111111
0000000000000000
0000000000000000
0000000000000000
0000000000000000
0000000000000000
0000000000000000
0000000000000000
8 3 1 13
2 8 11 5
1 1 6 0
6 9 14 7
15 1 2 3
4 0 14 0
15 6 9 4
11 10 14 15
4 1 3 8
3 0 6 2
7 8 8 11
10 14 11 1
8 4 10 0
