17 15 4888
0000000000100000
0000000000100000
0000000000100000
0000000000100000
0000000000100000
0000000000100000
0000000000100000
0000000000100000
0000000000100000
0000000000100000
0000000000100000
0000000000000000
0000000000000000
0000000000000000
0000000000000000
0000000000000000
0000000000000000
00000000000000000
11111111110000000
00000000000000000
00000000000000000
00000000000000000
00000000000000000
00000000000000000
00000000000000000
00000000000000000
00000000000000000
00000000000000000
00000000000000000
00000000000000000
00000000000001111
00000000000000000
00000000000000000
9 11 0 15
9 12 9 5
3 5 9 3
16 2 10 3
3 9 12 10
8 7 7 11
0 2 6 4
0 1 11 9
12 6 2 11
7 14 10 7
2 13 10 9
11 1 9 4
13 3 1 6
7 7 5 10
5 5 7 6
