17 29 10087
1001000011000110
1001000011000110
1001000111000110
1001000111000110
1001000110000110
1001000110000110
1001000110000110
1101000110000010
1101000110000010
1101000110000010
1101000110000000
1101000110000000
1101000110000100
1101000100000100
1100000100010100
1100000100010100
0100000100010100
00000000000000000
00000000000000000
00000000000000000
00000000000000000
00000000000000000
00000000000000000
00000000000000010
00000000000000000
00000000000000000
00000000000000000
00000000000000000
00000000000000000
00000000000000000
00000000000000000
00000000000000000
00000000000000000
10 13 4 5
3 12 10 14
10 11 0 16
11 1 2 4
2 15 16 0
1 10 13 2
12 1 1 4
15 14 1 5
2 2 14 15
10 7 7 12
0 7 5 6
15 11 4 0
4 7 12 8
2 8 3 7
6 16 15 10
16 14 16 8
13 14 9 8
4 15 5 8
6 1 5 1
1 14 3 4
4 9 1 7
6 6 3 0
5 11 1 0
15 2 2 7
5 10 4 8
16 11 11 9
10 15 9 15
1 6 6 0
16 1 16 5
