15 12 1513
00000000000000
00000000000000
00000000000000
00000000000000
00000000000000
00000000000000
00000000000000
00000000000000
00000000000000
00000000000000
00000000000000
00000000000000
00000000000000
00000000000000
00000000000000
000000000000000
000000000000000
000000000000000
000000000000000
000000000000000
000000000000000
000000000000000
000000000000000
000000000000000
000000000000000
000000000000000
000000000000000
000000000000000
000000000000000
5 8 5 13
3 9 11 6
6 6 3 1
12 5 6 3
9 9 3 3
11 3 12 10
11 12 8 12
6 11 1 2
1 12 8 14
0 5 3 2
6 7 13 14
10 3 10 9
