17 10 1551
0000000000000001
0000000000000001
0000000000000001
0000000000011101
0000000000011101
0000000000111101
0000000000111101
0000010000001101
0000010000001101
0000010000001101
0000010000001100
0000010000001100
0000010000001100
0000010000001100
0000010000001100
0000000000001100
0000000000001100
00000000000000000
11111111111111000
11111000000000000
00000000000000000
00000000000000000
00000000000000000
00111111111110000
00000000000000010
00000000000000000
00000000000000000
11100000000000000
00000000000000000
00000000000000000
00000000000000000
00000000000000000
11111111000000000
16 0 9 14
6 8 3 2
3 3 9 16
15 0 11 10
3 10 12 0
4 0 1 0
1 8 10 7
7 2 9 8
16 5 4 6
6 1 0 0
