12 23 1726
00000000000
00000000000
00000001000
00000001000
00000001000
00000001000
00100001000
00100001000
00100001000
00000001001
00000000001
00000000001
000000000001
000000001111
000000000000
000000000011
000011110000
000000000000
000000000000
000000000000
111110000000
111000000000
000000000000
6 8 5 9
6 9 8 11
9 6 5 11
10 11 3 3
2 8 4 11
3 7 6 4
11 0 7 9
5 3 2 1
5 10 1 2
0 7 4 9
5 5 3 8
4 4 0 6
11 5 2 4
2 9 1 6
11 7 4 0
11 4 11 6
1 0 10 6
7 7 11 11
2 7 8 5
8 6 1 10
8 7 7 11
6 3 8 10
10 3 0 10
