14 17 3964
0101000000001
0101000000001
0101000000001
0101000000000
0101000000000
0101000000000
0101000000000
0100000000000
0000000000000
0000000000000
0000000000000
0000010000000
0000010000000
0000010000000
00000000000000
00000000000000
00000000000000
00000000000000
00000000000000
00000000000000
00000000000000
00000000000000
00000000000000
00000000000000
00000000000000
00000000000000
00000000000000
6 13 9 12
3 13 11 2
5 1 1 1
11 12 12 8
1 9 7 5
11 9 12 6
3 10 2 7
11 1 5 6
12 7 4 11
0 4 1 6
5 9 3 2
5 8 9 3
11 10 2 10
7 4 7 10
2 2 3 9
0 13 0 1
11 8 13 4
