14 27 3031
0001000000000
0001000000000
0001000000000
0001000000000
0101000000000
0101000000000
0101000000000
0100000000000
0100000010000
0100000010000
0100000010000
0100000010000
0100000010000
0100000011000
00000000000000
00000000000000
11000000000000
00000000000000
00000011111111
00000000000000
10000000000000
00000000000000
00000000000000
00000000000000
00000000001111
00000000000000
00000000000000
1 3 5 1
5 4 4 13
13 11 10 12
10 0 6 4
8 8 3 4
9 12 8 12
13 5 12 0
9 8 0 7
4 0 5 0
13 13 3 6
11 12 6 3
3 5 8 11
4 5 1 8
0 12 9 1
5 3 10 4
11 8 4 9
13 4 3 11
7 7 12 11
4 8 12 3
1 12 0 8
4 6 10 6
7 8 11 3
2 6 0 0
2 3 11 6
0 5 5 7
9 4 2 7
7 4 8 5
