20 15 8592
0010000000000000100
0000000000000000100
0000000000000000100
0000000000000000100
0000000000000000100
0000000000000000100
0000000000000000100
0000000000000000100
0000000000000000100
0000000000000001100
0000000000000001100
0000000100000001100
0000000100000001100
0000000100000001100
0000000100000001100
0000000100000001100
0000000100000001100
0000000100000001000
0000000100000001000
0000000100000001000
00000000000000000000
00000000000000000000
00000000000000000000
00000000000000000000
11111111111111000000
00000000000000000000
00000000000000000000
00000000000000000000
00000000000000000000
00000000000000000000
00000000000000000001
00000000000000000000
00000000111100000000
11111100000000000000
00000000000000000000
00000000000000000000
01111111000000000000
00000011110000000000
00000000000000000000
4 8 15 8
15 5 8 6
13 7 12 1
5 15 18 12
19 2 9 13
18 0 2 7
5 16 0 18
4 18 0 10
5 1 14 15
16 12 6 15
17 9 5 4
11 4 17 17
5 9 2 8
19 17 7 11
10 17 2 18
