16 11 5418
000001000000000
000001000000000
000001000000000
000001001000000
000001001000000
000001001000000
000000001000000
000000001000010
000001001000000
000001001000000
000001001000000
000011001000000
000011001000000
000011001000000
000011001000000
000011001000000
0000000000000000
0000000000011111
0000110000000000
0000000000000000
0000000000000000
0000000000000000
0000000000011111
0000000000000000
0000000000000000
0000000000000000
0000000000000000
0000000000000000
0000000000000000
0000000000000000
0000000000000000
12 12 7 10
12 3 13 13
15 15 1 3
0 10 14 8
12 13 4 6
15 8 5 12
3 7 8 1
9 14 12 11
0 1 4 9
6 10 15 0
1 8 8 0
